~~~~~~~~~~~~~~~~~~~~~
old pop
2:6 5 3 4 2 8 11 7 10 9
3:11 6 3 5 7 4 10 9 2 8
~~~~~~~~~~~~~~~~~~~~~
c in pop
2:6 8 3 5 7 4 11 2 10 9
3:11 6 3 4 2 8 10 9 7 4
~~~~~~~~~~~~~~~~~~~~~
c in pop
i = 0
2:6 8 3 5 7 4 11 2 10 9
3:11 6 3 4 2 8 10 9 7 4
~~~~~~~~~~~~~~~~~~~~~
c in pop
i = 2
2:6 8 3 5 7 4 11 2 10 9
3:11 6 3 4 2 8 10 9 7 4
~~~~~~~~~~~~~~~~~~~~~
c in pop
i = 4
2:6 8 3 5 7 4 11 2 10 9
3:11 6 3 4 2 8 10 9 7 4
~~~~~~~~~~~~~~~~~~~~~
c in pop
i = 6
2:6 8 3 5 7 4 11 2 10 9
3:11 6 3 4 2 8 10 9 7 4
~~~~~~~~~~~~~~~~~~~~~
c out pop
2:6 8 3 5 7 4 11 2 10 9
3:11 6 3 4 2 8 10 9 7 4
~~~~~~~~~~~~~~~~~~~~~
new pop
2:6 8 3 5 7 4 11 2 10 9
3:11 6 3 4 2 8 10 9 7 4